150 1 wwz 23000
150 12 wwz 23000
150 18 wwz 23000
150 2 zzz 15000
150 24 wwz 23000
150 3 ttz 30000
150 6 wwz 23000
200 1 wwz 23000
200 12 wwz 23000
200 18 wwz 23000
200 2 zzz 15000
200 24 wwz 23000
200 3 ttz 30000
200 6 wwz 23000
250 1 wwz 23000
250 12 wwz 23000
250 18 wwz 23000
250 2 zzz 15000
250 24 wwz 23000
250 3 ttz 30000
250 6 wwz 23000
300 1 wwz 23000
300 12 wwz 23000
300 18 wwz 23000
300 2 zzz 15000
300 24 wwz 23000
300 3 ttz 30000
300 6 wwz 23000
350 1 wwz 23000
350 12 wwz 23000
350 18 wwz 23000
350 2 zzz 15000
350 24 wwz 23000
350 3 ttz 30000
350 6 wwz 23000
400 1 wwz 23000
400 12 wwz 23000
400 18 wwz 23000
400 2 zzz 15000
400 24 wwz 23000
400 3 ttz 30000
400 6 wwz 23000
450 1 wwz 23000
450 12 wwz 23000
450 18 wwz 23000
450 2 zzz 15000
450 24 wwz 23000
450 3 ttz 30000
450 6 wwz 23000
