135 1 wwww 27000
135 2 wwzz 6800
135 3 wwtt 14500
135 6 zzzz 500
135 7 zztt 2000
135 8 zzbb_fully_leptonic 500
135 11 tttt 2000
175 1 wwww 27000
175 2 wwzz 6800
175 3 wwtt 14500
175 6 zzzz 500
175 7 zztt 2000
175 8 zzbb_fully_leptonic 500
175 11 tttt 2000
225 1 wwww 27000
225 2 wwzz 6800
225 3 wwtt 14500
225 6 zzzz 500
225 7 zztt 2000
225 8 zzbb_fully_leptonic 500
225 11 tttt 2000
275 1 wwww 27000
275 2 wwzz 6800
275 3 wwtt 14500
275 6 zzzz 500
275 7 zztt 2000
275 8 zzbb_fully_leptonic 500
275 11 tttt 2000
325 1 wwww 27000
325 2 wwzz 6800
325 3 wwtt 14500
325 6 zzzz 500
325 7 zztt 2000
325 8 zzbb_fully_leptonic 500
325 11 tttt 2000
215 1 wwww 27000
215 2 wwzz 6800
215 3 wwtt 14500
215 6 zzzz 500
215 7 zztt 2000
215 8 zzbb_fully_leptonic 500
215 11 tttt 2000
240 1 wwww 27000
240 2 wwzz 6800
240 3 wwtt 14500
240 6 zzzz 500
240 7 zztt 2000
240 8 zzbb_fully_leptonic 500
240 11 tttt 2000
265 1 wwww 27000
265 2 wwzz 6800
265 3 wwtt 14500
265 6 zzzz 500
265 7 zztt 2000
265 8 zzbb_fully_leptonic 500
265 11 tttt 2000
290 1 wwww 27000
290 2 wwzz 6800
290 3 wwtt 14500
290 6 zzzz 500
290 7 zztt 2000
290 8 zzbb_fully_leptonic 500
290 11 tttt 2000
315 1 wwww 27000
315 2 wwzz 6800
315 3 wwtt 14500
315 6 zzzz 500
315 7 zztt 2000
315 8 zzbb_fully_leptonic 500
315 11 tttt 2000
150 16 wwww 27000
150 17 wwzz 6800
150 18 wwtt 14500
150 22 zztt 2000
200 16 wwww 27000
200 17 wwzz 6800
200 18 wwtt 14500
200 22 zztt 2000
250 16 wwww 27000
250 17 wwzz 6800
250 18 wwtt 14500
250 22 zztt 2000
300 16 wwww 27000
300 17 wwzz 6800
300 18 wwtt 14500
300 22 zztt 2000
350 16 wwww 27000
350 17 wwzz 6800
350 18 wwtt 14500
350 22 zztt 2000
150 1 wwww 2000
150 2 wwzz 2000
150 3 wwtt 2000
150 6 zzzz 2000
150 7 zztt 1000
150 8 zzbb_fully_leptonic 500
150 11 tttt 2000
200 1 wwww 2000
200 2 wwzz 2000
200 3 wwtt 2000
200 6 zzzz 2000
200 7 zztt 1000
200 8 zzbb_fully_leptonic 500
200 11 tttt 2000
250 1 wwww 2000
250 2 wwzz 2000
250 3 wwtt 2000
250 6 zzzz 2000
250 7 zztt 1000
250 8 zzbb_fully_leptonic 500
250 11 tttt 2000
300 1 wwww 2000
300 2 wwzz 2000
300 3 wwtt 2000
300 6 zzzz 2000
300 7 zztt 1000
300 8 zzbb_fully_leptonic 500
300 11 tttt 2000
350 1 wwww 2000
350 2 wwzz 2000
350 3 wwtt 2000
350 6 zzzz 2000
350 7 zztt 1000
350 8 zzbb_fully_leptonic 500
350 11 tttt 2000

